cache size = 64000
arrive a reqeust 1 : 80000, size = 8
free blocks=63992
dev-0's blocks=7
80001, 80002, 80003, 80004, 80005, 80006, 80007, 
dev-1's blocks=0

dev-2's blocks=0

dev-3's blocks=1
80000, 
arrive a reqeust 2 : 80008, size = 8
free blocks=63984
dev-0's blocks=15
80001, 80002, 80003, 80004, 80005, 80006, 80007, 80008, 80009, 80010, 80011, 80012, 80013, 80014, 80015, 
dev-1's blocks=0

dev-2's blocks=0

dev-3's blocks=1
80000, 
arrive a reqeust 3 : 80016, size = 8
free blocks=63976
dev-0's blocks=23
80001, 80002, 80003, 80004, 80005, 80006, 80007, 80008, 80009, 80010, 80011, 80012, 80013, 80014, 80015, 80016, 80017, 80018, 80019, 80020, 80021, 80022, 80023, 
dev-1's blocks=0

dev-2's blocks=0

dev-3's blocks=1
80000, 
arrive a reqeust 4 : 80024, size = 8
free blocks=63960
dev-0's blocks=32
80001, 80002, 80003, 80004, 80005, 80006, 80007, 80008, 80009, 80010, 80011, 80012, 80013, 80014, 80015, 80016, 80017, 80018, 80019, 80020, 80021, 80022, 80023, 80024, 80025, 80026, 80027, 80028, 80029, 80030, 80031, 80032, 
dev-1's blocks=7
80033, 80034, 80035, 80036, 80037, 80038, 80039, 
dev-2's blocks=0

dev-3's blocks=1
80000, 
arrive a reqeust 5 : 80032, size = 8
free blocks=63944
dev-0's blocks=32
80001, 80002, 80003, 80004, 80005, 80006, 80007, 80008, 80009, 80010, 80011, 80012, 80013, 80014, 80015, 80016, 80017, 80018, 80019, 80020, 80021, 80022, 80023, 80024, 80025, 80026, 80027, 80028, 80029, 80030, 80031, 80032, 
dev-1's blocks=23
80033, 80034, 80035, 80036, 80037, 80038, 80039, 80040, 80041, 80042, 80043, 80044, 80045, 80046, 80047, 80048, 80049, 80050, 80051, 80052, 80053, 80054, 80055, 
dev-2's blocks=0

dev-3's blocks=1
80000, 
arrive a reqeust 6 : 80040, size = 8
free blocks=63944
dev-0's blocks=32
80001, 80002, 80003, 80004, 80005, 80006, 80007, 80008, 80009, 80010, 80011, 80012, 80013, 80014, 80015, 80016, 80017, 80018, 80019, 80020, 80021, 80022, 80023, 80024, 80025, 80026, 80027, 80028, 80029, 80030, 80031, 80032, 
dev-1's blocks=23
80033, 80034, 80035, 80036, 80037, 80038, 80039, 80040, 80041, 80042, 80043, 80044, 80045, 80046, 80047, 80048, 80049, 80050, 80051, 80052, 80053, 80054, 80055, 
dev-2's blocks=0

dev-3's blocks=1
80000, 
arrive a reqeust 7 : 80048, size = 8
xxxx
free blocks=63912
dev-0's blocks=32
80001, 80002, 80003, 80004, 80005, 80006, 80007, 80008, 80009, 80010, 80011, 80012, 80013, 80014, 80015, 80016, 80017, 80018, 80019, 80020, 80021, 80022, 80023, 80024, 80025, 80026, 80027, 80028, 80029, 80030, 80031, 80032, 
dev-1's blocks=32
80033, 80034, 80035, 80036, 80037, 80038, 80039, 80040, 80041, 80042, 80043, 80044, 80045, 80046, 80047, 80048, 80049, 80050, 80051, 80052, 80053, 80054, 80055, 80056, 80057, 80058, 80059, 80060, 80061, 80062, 80063, 80064, 
dev-2's blocks=23
80065, 80066, 80067, 80068, 80069, 80070, 80071, 80072, 80073, 80074, 80075, 80076, 80077, 80078, 80079, 80080, 80081, 80082, 80083, 80084, 80085, 80086, 80087, 
dev-3's blocks=1
80000, 
arrive a reqeust 8 : 80056, size = 8
free blocks=63912
dev-0's blocks=32
80001, 80002, 80003, 80004, 80005, 80006, 80007, 80008, 80009, 80010, 80011, 80012, 80013, 80014, 80015, 80016, 80017, 80018, 80019, 80020, 80021, 80022, 80023, 80024, 80025, 80026, 80027, 80028, 80029, 80030, 80031, 80032, 
dev-1's blocks=32
80033, 80034, 80035, 80036, 80037, 80038, 80039, 80040, 80041, 80042, 80043, 80044, 80045, 80046, 80047, 80048, 80049, 80050, 80051, 80052, 80053, 80054, 80055, 80056, 80057, 80058, 80059, 80060, 80061, 80062, 80063, 80064, 
dev-2's blocks=23
80065, 80066, 80067, 80068, 80069, 80070, 80071, 80072, 80073, 80074, 80075, 80076, 80077, 80078, 80079, 80080, 80081, 80082, 80083, 80084, 80085, 80086, 80087, 
dev-3's blocks=1
80000, 
arrive a reqeust 9 : 80064, size = 8
free blocks=63912
dev-0's blocks=32
80001, 80002, 80003, 80004, 80005, 80006, 80007, 80008, 80009, 80010, 80011, 80012, 80013, 80014, 80015, 80016, 80017, 80018, 80019, 80020, 80021, 80022, 80023, 80024, 80025, 80026, 80027, 80028, 80029, 80030, 80031, 80032, 
dev-1's blocks=32
80033, 80034, 80035, 80036, 80037, 80038, 80039, 80040, 80041, 80042, 80043, 80044, 80045, 80046, 80047, 80048, 80049, 80050, 80051, 80052, 80053, 80054, 80055, 80056, 80057, 80058, 80059, 80060, 80061, 80062, 80063, 80064, 
dev-2's blocks=23
80065, 80066, 80067, 80068, 80069, 80070, 80071, 80072, 80073, 80074, 80075, 80076, 80077, 80078, 80079, 80080, 80081, 80082, 80083, 80084, 80085, 80086, 80087, 
dev-3's blocks=1
80000, 
arrive a reqeust 10 : 80072, size = 8
free blocks=63912
dev-0's blocks=32
80001, 80002, 80003, 80004, 80005, 80006, 80007, 80008, 80009, 80010, 80011, 80012, 80013, 80014, 80015, 80016, 80017, 80018, 80019, 80020, 80021, 80022, 80023, 80024, 80025, 80026, 80027, 80028, 80029, 80030, 80031, 80032, 
dev-1's blocks=32
80033, 80034, 80035, 80036, 80037, 80038, 80039, 80040, 80041, 80042, 80043, 80044, 80045, 80046, 80047, 80048, 80049, 80050, 80051, 80052, 80053, 80054, 80055, 80056, 80057, 80058, 80059, 80060, 80061, 80062, 80063, 80064, 
dev-2's blocks=23
80065, 80066, 80067, 80068, 80069, 80070, 80071, 80072, 80073, 80074, 80075, 80076, 80077, 80078, 80079, 80080, 80081, 80082, 80083, 80084, 80085, 80086, 80087, 
dev-3's blocks=1
80000, 
arrive a reqeust 11 : 80080, size = 8
free blocks=63848
dev-0's blocks=55
80001, 80002, 80003, 80004, 80005, 80006, 80007, 80008, 80009, 80010, 80011, 80012, 80013, 80014, 80015, 80016, 80017, 80018, 80019, 80020, 80021, 80022, 80023, 80024, 80025, 80026, 80027, 80028, 80029, 80030, 80031, 80032, 80129, 80130, 80131, 80132, 80133, 80134, 80135, 80136, 80137, 80138, 80139, 80140, 80141, 80142, 80143, 80144, 80145, 80146, 80147, 80148, 80149, 80150, 80151, 
dev-1's blocks=32
80033, 80034, 80035, 80036, 80037, 80038, 80039, 80040, 80041, 80042, 80043, 80044, 80045, 80046, 80047, 80048, 80049, 80050, 80051, 80052, 80053, 80054, 80055, 80056, 80057, 80058, 80059, 80060, 80061, 80062, 80063, 80064, 
dev-2's blocks=32
80065, 80066, 80067, 80068, 80069, 80070, 80071, 80072, 80073, 80074, 80075, 80076, 80077, 80078, 80079, 80080, 80081, 80082, 80083, 80084, 80085, 80086, 80087, 80088, 80089, 80090, 80091, 80092, 80093, 80094, 80095, 80096, 
dev-3's blocks=33
80000, 80097, 80098, 80099, 80100, 80101, 80102, 80103, 80104, 80105, 80106, 80107, 80108, 80109, 80110, 80111, 80112, 80113, 80114, 80115, 80116, 80117, 80118, 80119, 80120, 80121, 80122, 80123, 80124, 80125, 80126, 80127, 80128, 
arrive a reqeust 12 : 80088, size = 8
free blocks=63848
dev-0's blocks=55
80001, 80002, 80003, 80004, 80005, 80006, 80007, 80008, 80009, 80010, 80011, 80012, 80013, 80014, 80015, 80016, 80017, 80018, 80019, 80020, 80021, 80022, 80023, 80024, 80025, 80026, 80027, 80028, 80029, 80030, 80031, 80032, 80129, 80130, 80131, 80132, 80133, 80134, 80135, 80136, 80137, 80138, 80139, 80140, 80141, 80142, 80143, 80144, 80145, 80146, 80147, 80148, 80149, 80150, 80151, 
dev-1's blocks=32
80033, 80034, 80035, 80036, 80037, 80038, 80039, 80040, 80041, 80042, 80043, 80044, 80045, 80046, 80047, 80048, 80049, 80050, 80051, 80052, 80053, 80054, 80055, 80056, 80057, 80058, 80059, 80060, 80061, 80062, 80063, 80064, 
dev-2's blocks=32
80065, 80066, 80067, 80068, 80069, 80070, 80071, 80072, 80073, 80074, 80075, 80076, 80077, 80078, 80079, 80080, 80081, 80082, 80083, 80084, 80085, 80086, 80087, 80088, 80089, 80090, 80091, 80092, 80093, 80094, 80095, 80096, 
dev-3's blocks=33
80000, 80097, 80098, 80099, 80100, 80101, 80102, 80103, 80104, 80105, 80106, 80107, 80108, 80109, 80110, 80111, 80112, 80113, 80114, 80115, 80116, 80117, 80118, 80119, 80120, 80121, 80122, 80123, 80124, 80125, 80126, 80127, 80128, 
arrive a reqeust 13 : 80096, size = 8
free blocks=63848
dev-0's blocks=55
80001, 80002, 80003, 80004, 80005, 80006, 80007, 80008, 80009, 80010, 80011, 80012, 80013, 80014, 80015, 80016, 80017, 80018, 80019, 80020, 80021, 80022, 80023, 80024, 80025, 80026, 80027, 80028, 80029, 80030, 80031, 80032, 80129, 80130, 80131, 80132, 80133, 80134, 80135, 80136, 80137, 80138, 80139, 80140, 80141, 80142, 80143, 80144, 80145, 80146, 80147, 80148, 80149, 80150, 80151, 
dev-1's blocks=32
80033, 80034, 80035, 80036, 80037, 80038, 80039, 80040, 80041, 80042, 80043, 80044, 80045, 80046, 80047, 80048, 80049, 80050, 80051, 80052, 80053, 80054, 80055, 80056, 80057, 80058, 80059, 80060, 80061, 80062, 80063, 80064, 
dev-2's blocks=32
80065, 80066, 80067, 80068, 80069, 80070, 80071, 80072, 80073, 80074, 80075, 80076, 80077, 80078, 80079, 80080, 80081, 80082, 80083, 80084, 80085, 80086, 80087, 80088, 80089, 80090, 80091, 80092, 80093, 80094, 80095, 80096, 
dev-3's blocks=33
80000, 80097, 80098, 80099, 80100, 80101, 80102, 80103, 80104, 80105, 80106, 80107, 80108, 80109, 80110, 80111, 80112, 80113, 80114, 80115, 80116, 80117, 80118, 80119, 80120, 80121, 80122, 80123, 80124, 80125, 80126, 80127, 80128, 
End of the simulation
Shutdown the simulator
response time: 总块数=13 平均块延迟=5.159851
 total execution time = 67.078068
请求总数 = 13
总块数 = 104
平均延时(请求) = 5.159851
平均延时(块) = 0.644981
平均带宽 = 3.100865
